3,94,2208100433
3,93,2224982323
3,92,2205122269
3,91,2300941788
3,90,2130831396
3,91,2177729165
3,92,2226769390
3,93,2211744435
3,94,2166872384
3,95,2113353965
3,94,2144235162
3,93,2120550794
3,92,2103397240
3,91,2108928658
3,90,2138151971
3,91,2088589031
3,92,2129457000
3,93,2152727222
3,94,2092426860
3,95,2141605970
3,94,2163119964
3,93,2124080468
4,92,3157415667
3,91,2157001319
3,90,2152356247
3,91,2121093368
3,92,2115751396
3,93,2149727738
3,94,2149049353
3,95,2151816302
3,94,2135675332
3,93,2106408896
3,92,2142140864
3,91,2092763286
4,90,3199157873
3,91,2154474435
3,92,2155044948
3,93,2102267208
3,94,2107308817
3,95,2120950925
3,94,2151699544
3,93,2139291938
3,92,2144843784
4,91,3218575422
3,90,2155066095
3,91,2096105604
3,92,2152950488
3,93,2136703455
3,94,2147322628
3,95,2089135726
3,94,2147464532
3,93,2151052829
3,92,2155237402
3,91,2111754812
3,90,2151730463
3,91,2080772196
3,92,2142825721
3,93,2119870325
3,94,2087568842
3,95,2146590718
3,94,2146444766
3,93,2146812601
3,92,2111988863
3,91,2134410969
3,90,2155518943
3,91,2131683252
3,92,2146801501
3,93,2107255965
3,94,2157500989
3,95,2148298304
3,94,2150187710
4,93,3169136415
3,92,2155133013
3,91,2133836711
3,90,2143116008
3,91,2150844423
3,92,2114221011
3,93,2152603261
3,94,2148875489
3,95,2149452493
4,94,3184302523
3,93,2146525309
3,92,2153948587
3,91,2149053355
3,90,2123194548
3,91,2101092737
4,92,3157356471
3,93,2151944530
3,94,2144198840
3,95,2135496641
3,94,2146092694
3,93,2152127306
3,92,2114303537
3,91,2143193159
4,90,3199738746
4,91,3224954857
3,92,2143114274
4,93,3139275284
4,94,3197084165
3,95,2144706761
3,94,2140330313
3,93,2120703147
3,92,2157798548
3,91,2154291743
3,90,2142406065
3,91,2158607099
3,92,2149415747
3,93,2139518110
3,94,2149221377
3,95,2144665518
3,94,2147552611
3,93,2133033410
3,92,2145040851
4,91,3224861655
3,90,2145927098
3,91,2150461290
3,92,2155291593
3,93,2150637543
3,94,2157068495
3,95,2148323934
3,94,2115037799
3,93,2154641681
3,92,2143421742
3,91,2145800475
3,90,2148636120
3,91,2158966330
3,92,2145440003
3,93,2154912029
3,94,2135497417
3,95,2113879099
3,94,2148059832
3,93,2123705901
3,92,2154389677
3,91,2148963091
3,90,2146849090
3,91,2112282043
3,92,2114086112
3,93,2150587576
3,94,2153095023
3,95,2150095010
3,94,2148758181
3,93,2140366698
3,92,2149371189
3,91,2114311422
3,90,2159655677
3,91,2146164467
3,92,2144400197
3,93,2131916855
3,94,2148351165
4,95,3230283497
3,94,2153775014
3,93,2148333017
3,92,2148688022
3,91,2133016965
4,90,3199268592
3,91,2152406711
3,92,2159519723
3,93,2153605635
3,94,2121537909
3,95,2152326931
3,94,2150051245
3,93,2142135659
3,92,2129311323
3,91,2147013564
3,90,2158919872
3,91,2138669309
3,92,2160523493
3,93,2102703683
3,94,2143921086
3,95,2120126070
3,94,2154609033
3,93,2147383508
3,92,2142287167
3,91,2145197574
3,90,2155561977
3,91,2146226572
3,92,2134547889
3,93,2154736164
3,94,2148545045
3,95,2141121923
3,94,2148765877
3,93,2135632489
3,92,2154045876
3,91,2151392366
3,90,2154414400
3,91,2128426709
3,92,2145960423
3,93,2154395072
3,94,2146942960
3,95,2117754872
3,94,2160104020
3,93,2147574073
3,92,2158199075
3,91,2128833863
3,90,2146911176
3,91,2137864313
3,92,2142759846
3,93,2121693434
3,94,2147653980
3,95,2155308107
3,94,2155241411
3,93,2152881495
3,92,2155988205
3,91,2113170780
3,90,2141964940
3,91,2141082557
3,92,2146708386
3,93,2130132050
3,94,2118020981
3,95,2139002695
3,94,2151904802
3,93,2154792171
3,92,2136386188
3,91,2152963058
3,90,2147689416
3,91,2148639257
3,92,2148574736
3,93,2147662198
3,94,2142597855
3,95,2145668306
3,94,2139274962
3,93,2075059635
3,92,2139991675
3,91,2153469656
3,90,2132227795
3,91,2159425631
3,92,2141552001
3,93,2136180980
3,94,2136184400
3,95,2156180261
3,94,2108556412
3,93,2185106576
3,92,2145332969
4,91,3444511355
3,90,2149197981
3,91,2116751289
3,92,2146436880
3,93,2153118323
3,94,2130035102
3,95,2148491033
3,94,2124417666
3,93,2156987801
3,92,2139379517
3,91,2162639997
3,90,2123655918
3,91,2122613024
3,92,2145852768
3,93,2156607169
3,94,2159731023
3,95,2152712346
4,94,3201450635
3,93,2149910230
3,92,2131737062
3,91,2140839873
3,90,2135165264
3,91,2160358322
4,92,3186688016
3,93,2150442108
3,94,2144324343
3,95,2140310632
3,94,2144157032
3,93,2134042689
3,92,2128138008
3,91,2154471174
3,90,2159844896
3,91,2135876372
3,92,2147724270
4,93,3156940109
3,94,2144533535
3,95,2133585431
3,94,2146412342
3,93,2118897098
3,92,2139713082
3,91,2153344885
3,90,2114994776
3,91,2143848378
3,92,2109345647
3,93,2149185160
3,94,2150869882
4,95,3215851882
4,94,3143855690
3,93,2152051166
4,92,3160790085
3,91,2147676075
4,90,3159393099
4,91,3110813704
4,92,3121248611
3,93,2129290259
3,94,2116887072
4,95,3177365247
3,94,2130730508
3,93,2103376533
3,92,2107285297
3,91,2108539614
3,90,2123483735
3,91,2099786806
3,92,2104638446
3,93,2121876627
3,94,2139442447
3,95,2135048896
3,94,2120287699
3,93,2091870393
3,92,2137456897
3,91,2141694104
3,90,2140618262
3,91,2115452886
3,92,2132988880
3,93,2140699290
3,94,2143877178
3,95,2112649826
3,94,2144667021
3,93,2122916338
3,92,2138195209
3,91,2095819903
3,90,2159319745
3,91,2117655799
3,92,2135373811
3,93,2098091393
3,94,2223237668
3,95,2109464986
3,94,2116371307
4,93,3175188335
3,92,2082728961
3,91,2107997406
3,90,2085839850
3,91,2255297845
3,92,2114026585
3,93,2309260125
3,94,2192151243
3,95,2232023884
3,94,2258778408
3,93,2241103186
3,92,2082697671
3,91,2098502411
3,90,2113779083
3,91,2148389074
3,92,2121955562
3,93,2149793799
4,94,3191203706
3,95,2144285474
3,94,2120804091
3,93,2137732338
3,92,2147929423
3,91,2150655034
3,90,2104400509
3,91,2147550221
3,92,2091370909
4,93,3150453362
3,94,2135738647
3,95,2129168528
3,94,2118910453
3,93,2156070884
3,92,2147999850
3,91,2149018452
3,90,2147661532
3,91,2150961072
3,92,2131194754
3,93,2155306381
3,94,2145964296
3,95,2121144083
3,94,2155120567
3,93,2149403640
4,92,3231055393
3,91,2128586106
3,90,2156410302
3,91,2142809392
3,92,2154105846
4,93,3223785225
3,94,2152876169
3,95,2151908702
3,94,2152391296
3,93,2146439683
3,92,2155939757
3,91,2144026789
3,90,2132490536
3,91,2151692358
4,92,3221191916
3,93,2145221367
3,94,2124177623
3,95,2145796800
3,94,2153707381
3,93,2148244294
4,92,3212937682
3,91,2151576203
3,90,2141604713
3,91,2116201301
3,92,2121433509
4,93,3165866753
4,94,3212206104
3,95,2118478107
4,94,3163105876
3,93,2148282591
3,92,2138270655
3,91,2131039444
3,90,2137536355
3,91,2154336651
3,92,2145946172
3,93,2157004638
3,94,2139145028
3,95,2157759047
3,94,2164438064
3,93,2142782132
3,92,2145703664
3,91,2161206347
3,90,2154321881
3,91,2132165793
3,92,2146523002
3,93,2148764186
3,94,2153101592
3,95,2133875453
3,94,2149945607
3,93,2131586162
3,92,2150729296
3,91,2141182587
3,90,2152462068
4,91,3233878251
3,92,2152433261
3,93,2157372263
3,94,2155170604
3,95,2148691454
3,94,2139506120
3,93,2169256320
3,92,2152973811
3,91,2118139080
3,90,2141085306
3,91,2150000629
3,92,2147691388
3,93,2136699495
3,94,2142310876
3,95,2145427948
3,94,2154051866
3,93,2152404332
3,92,2126524844
3,91,2150002042
3,90,2154949753
3,91,2146265788
3,92,2148594343
3,93,2148897578
3,94,2149422199
3,95,2148026621
3,94,2161306048
3,93,2109167313
3,92,2149831759
3,91,2148024411
3,90,2140567913
3,91,2143144254
3,92,2159111269
3,93,2114205344
3,94,2163336975
3,95,2154374587
3,94,2148117822
3,93,2126935481
3,92,2124115293
3,91,2134469284
3,90,2150019532
3,91,2105229823
3,92,2137892999
3,93,2130978149
3,94,2140149961
3,95,2139094616
3,94,2148283510
3,93,2148994294
3,92,2146122008
3,91,2132163927
3,90,2156725090
3,91,2109922605
3,92,2158396198
3,93,2108355741
3,94,2147413936
3,95,2114867266
3,94,2150851171
3,93,2138812483
3,92,2142483946
3,91,2157498004
3,90,2156129033
3,91,2116710282
3,92,2152081890
3,93,2158049597
4,94,3193423018
3,95,2122437952
3,94,2156074143
3,93,2157824562
3,92,2150692678
3,91,2120504720
3,90,2159257824
3,91,2152467903
3,92,2156649387
3,93,2140918609
3,94,2151197839
3,95,2158502040
3,94,2133944570
3,93,2115434017
3,92,2142837525
3,91,2149210850
3,90,2141630747
3,91,2116691043
3,92,2156851523
3,93,2152855968
3,94,2076043954
3,95,2136176561
3,94,2153722977
3,93,2154421933
3,92,2141400419
3,91,2148388232
3,90,2148532312
3,91,2149140620
3,92,2151614764
3,93,2138027360
3,94,2159229221
3,95,2155433596
3,94,2143269129
3,93,2103838942
3,92,2148728580
3,91,2154794305
3,90,2132165155
3,91,2153872450
3,92,2143589735
3,93,2149824720
3,94,2148830482
3,95,2109923703
3,94,2148555085
3,93,2150033346
4,92,3146643664
3,91,2154568558
3,90,2141352972
3,91,2151301497
3,92,2158835436
3,93,2154875932
3,94,2145199444
3,95,2137445408
3,94,2146313138
3,93,2106521382
3,92,2150752997
4,91,3191183875
3,90,2140357216
3,91,2156717717
3,92,2147779015
3,93,2150063220
3,94,2146585200
3,95,2158452332
3,94,2150991072
3,93,2115691564
3,92,2151990767
3,91,2148971728
3,90,2151893333
3,91,2149618204
3,92,2148428184
3,93,2154296643
3,94,2150701688
3,95,2143907166
3,94,2154624381
3,93,2157202028
3,92,2158834787
3,91,2153378198
3,90,2136245135
3,91,2138246267
3,92,2135837252
3,93,2144242610
3,94,2145139628
3,95,2154816403
3,94,2142200175
3,93,2159397813
3,92,2155612171
3,91,2142092528
3,90,2123317114
3,91,2152900535
3,92,2141031741
3,93,2111018895
3,94,2163364207
3,95,2154803699
3,94,2142040769
3,93,2152138245
3,92,2106286141
3,91,2155488031
3,90,2148065924
3,91,2160739287
3,92,2143439039
3,93,2148672998
3,94,2152935492
3,95,2148372910
3,94,2144050040
3,93,2155261197
3,92,2132923424
3,91,2152652680
3,90,2146687622
3,91,2151534246
3,92,2144552349
3,93,2110181573
3,94,2146397107
3,95,2151721963
3,94,2153659600
3,93,2139337593
3,92,2154781675
3,91,2156835140
3,90,2142833134
3,91,2139798090
3,92,2133810195
3,93,2153794657
3,94,2152448023
3,95,2128736758
3,94,2157425596
3,93,2150360183
3,92,2143776697
3,91,2131886546
3,90,2152181298
3,91,2149005317
3,92,2120002531
3,93,2132461404
3,94,2150207403
3,95,2140267224
3,94,2142077785
3,93,2137605968
3,92,2133372064
3,91,2144526996
3,90,2144315661
3,91,2123938476
3,92,2152535859
3,93,2145641912
3,94,2158929410
3,95,2118878923
3,94,2132193811
3,93,2094028741
3,92,2138175574
3,91,2106221794
3,90,2152627444
3,91,2132034518
3,92,2135547115
3,93,2118894675
3,94,2146917250
3,95,2137618635
3,94,2132973986
3,93,2138382413
3,92,2108347605
3,91,2147972464
3,90,2150282552
3,91,2148569818
3,92,2155105825
3,93,2152130665
4,94,3181895533
3,95,2151281184
3,94,2146757835
3,93,2151207631
3,92,2142883245
3,91,2116074463
3,90,2147199431
4,91,3178562681
3,92,2150597787
3,93,2118948477
3,94,2154786075
3,95,2152639288
3,94,2152514238
4,93,3215040089
3,92,2157127719
3,91,2144588967
3,90,2149269227
3,91,2145427937
3,92,2157254742
4,93,3238932492
3,94,2110180503
3,95,2159690580
3,94,2141347104
3,93,2143667336
3,92,2134196335
4,91,3230663451
3,90,2152520191
3,91,2125397718
3,92,2124042200
3,93,2155570400
3,94,2152358565
4,95,3216452888
3,94,2150652826
3,93,2154647420
3,92,2145915588
4,91,3175112724
3,90,2155765406
3,91,2152305586
3,92,2126170462
3,93,2134797882
3,94,2155382613
3,95,2151388597
3,94,2151054225
3,93,2131480337
3,92,2148241365
3,91,2142298688
4,90,3315988809
3,91,2147475263
3,92,2146163926
3,93,2155667647
4,94,3202851200
3,95,2157412535
3,94,2084242493
3,93,2144419159
3,92,2129361375
3,91,2145539126
3,90,2139682647
3,91,2151982771
3,92,2128442832
3,93,2157511186
3,94,2146748281
3,95,2153757803
3,94,2119431763
3,93,2153600885
3,92,2155057417
3,91,2151768395
4,90,3168001048
3,91,2149699162
3,92,2147408592
3,93,2138210170
3,94,2150404596
3,95,2146157183
3,94,2153053552
3,93,2152393388
3,92,2140023452
4,91,3218976093
3,90,2150507676
3,91,2115302675
3,92,2154110998
3,93,2151760205
3,94,2152722307
4,95,3221494167
3,94,2158114710
3,93,2160498043
3,92,2130570208
4,91,3189888709
3,90,2136666490
3,91,2107616255
3,92,2071610784
3,93,2134197163
4,94,3226458706
4,95,3169376752
3,94,2134840797
3,93,2107680758
3,92,2135497906
3,91,2152539464
3,90,2145428766
4,91,3217381959
3,92,2151285758
3,93,2146584161
3,94,2128020893
3,95,2135469950
3,94,2153426119
3,93,2149530720
3,92,2120356830
3,91,2146914779
3,90,2151247539
3,91,2151673819
3,92,2116471856
3,93,2120038976
3,94,2144887259
3,95,2150837929
3,94,2142141995
3,93,2160979633
3,92,2150030086
3,91,2140073098
3,90,2115444725
3,91,2153352723
4,92,3202833064
4,93,3159740376
3,94,2128654765
3,95,2149475909
3,94,2138690487
3,93,2138299019
3,92,2175951066
3,91,2156960675
3,90,2158045171
3,91,2142690965
3,92,2151132278
3,93,2149852504
3,94,2141967873
3,95,2106355444
3,94,2135016846
3,93,2138105547
4,92,3201608026
3,91,2154926006
3,90,2145103201
3,91,2151981614
3,92,2149822877
3,93,2139944616
3,94,2150719032
3,95,2142917400
3,94,2161123235
3,93,2106598478
3,92,2140294239
3,91,2156844203
3,90,2143500990
3,91,2123935859
3,92,2155108561
3,93,2150963163
3,94,2153177102
3,95,2101182636
3,94,2159055273
3,93,2148302416
3,92,2160526259
3,91,2148112677
3,90,2150116644
3,91,2160197121
3,92,2136697503
3,93,2141476054
3,94,2150120301
3,95,2146419551
3,94,2148363226
3,93,2144084798
3,92,2149166591
3,91,2151043889
3,90,2140678005
3,91,2145768298
3,92,2134295324
3,93,2156581357
3,94,2151071385
3,95,2147422004
3,94,2121750993
3,93,2107068717
3,92,2150830268
3,91,2133051715
3,90,2145855977
3,91,2158082565
3,92,2081522568
3,93,2142677118
3,94,2146155109
3,95,2157063069
3,94,2144519872
4,93,3189191650
3,92,2153400282
3,91,2150807342
3,90,2128364335
3,91,2154337577
3,92,2149530172
3,93,2161419738
3,94,2153103886
3,95,2154577028
3,94,2144895857
3,93,2131358576
4,92,3123601005
3,91,2079621190
4,90,3207361574
4,91,3175787370
3,92,2136832308
3,93,2123910659
3,94,2134139923
3,95,2138326270
3,94,2098614469
3,93,2091477729
3,92,2084351364
3,91,2087193426
4,90,3126652646
4,91,3121751810
4,92,3142128048
4,93,3120294385
4,94,3113250630
3,95,2117172490
4,94,3119839316
3,93,2072228187
4,92,3107425934
3,91,2296869045
3,90,2153087447
4,91,3232444326
4,92,3119013318
3,93,2144001837
4,94,3169127990
3,95,2075717380
4,94,3141469381
4,93,3217241314
3,92,2133486479
4,91,3153480785
3,90,2139670818
3,91,2148686480
3,92,2128545283
3,93,2149118377
3,94,2151170174
3,95,2155845276
3,94,2124180034
3,93,2150988303
3,92,2099354891
3,91,2152363266
3,90,2130681360
3,91,2146884304
3,92,2112043369
3,93,2148388629
4,94,3100739661
3,95,2233964019
3,94,2148545471
3,93,2112485498
3,92,2096530444
4,91,3177243404
4,90,3227470427
3,91,2150616628
3,92,2154708356
3,93,2140720299
4,94,3183154300
3,95,2085465122
3,94,2142250487
3,93,2151974976
3,92,2153491626
3,91,2136418726
3,90,2145616455
3,91,2118889941
3,92,2131650883
3,93,2134560767
3,94,2155914563
3,95,2130203746
3,94,2133089175
3,93,2117719353
3,92,2157424033
3,91,2141970732
3,90,2140223600
3,91,2103680171
3,92,2152464859
3,93,2146521357
3,94,2151506900
3,95,2082965251
3,94,2141540575
3,93,2158004512
3,92,2130920772
3,91,2141588841
3,90,2121825324
4,91,3235431919
3,92,2149609466
3,93,2133619396
3,94,2142300611
3,95,2146654140
3,94,2151438804
4,93,3182144043
3,92,2107952774
3,91,2148389255
3,90,2149355668
3,91,2143167506
4,92,3166474653
3,93,2150953534
3,94,2135584126
3,95,2146453391
3,94,2130649417
3,93,2131578636
3,92,2136904174
3,91,2103196633
3,90,2131584068
3,91,2228948643
3,92,2157899926
3,93,2185397297
3,94,2149090967
3,95,2201039290
3,94,2242291726
3,93,2159740143
3,92,2242334852
3,91,2119094424
3,90,2120813360
3,91,2250626287
3,92,2140065272
4,93,3235870248
3,94,2107522717
3,95,2119140038
3,94,2145442684
3,93,2151683496
3,92,2156746908
3,91,2179907175
3,90,2169275612
3,91,2206926454
3,92,2138150392
3,93,2130616800
3,94,2123388519
3,95,2124731171
3,94,2089861336
3,93,2136267920
3,92,2245912519
3,91,2145883593
3,90,2133952437
3,91,2169327434
3,92,2160452184
3,93,2123661623
3,94,2154871856
3,95,2118532478
3,94,2115541651
3,93,2116867591
3,92,2104531287
3,91,2123039652
3,90,2128227273
3,91,2174736573
3,92,2158054749
3,93,2112519595
3,94,2101888478
3,95,2220002210
3,94,2152680649
3,93,2136690641
3,92,2115376260
3,91,2137392391
3,90,2141297311
3,91,2138039016
4,92,3141520769
4,93,3214420798
3,94,2119938837
3,95,2174311821
3,94,2257460787
3,93,2147588646
3,92,2125588265
3,91,2093163783
3,90,2162994601
3,91,2149523785
4,92,3286964677
3,93,2158188308
3,94,2139329667
3,95,2199830353
testcomplete,3346
